freq = 1700:1701:50
speed = 340
rho = 2.9
n_set: 367
v_set: 1122
f_set: 2550
face_near_n: 2550
face_near_v: 2550
ring_1_v: 367
ring_1_n: 367
ring_1_f: 367
f_type: 2550 hard: 558 inlet: 27 outlet: 27 inner: 1938
n_type: 367 hard: 266 inlet: 21 outlet: 21 inner: 59
Build matrix ...
The SparseMatrix is 1874 * 734
  inner part : ###########
  hard wall part : ##########
  inlet part : ##########
  outlet part : ##########
A = 734*734
solver.compute() finish
solver.solve() finish
freq = 1700 input_energy = 0.00120827 inlet_energy = 0.00190229 outlet_energy = 0.000483199 tl = 2.50056
